,numbers,Muon_Decay_Time
0,1,2540.0
1,1,900.0
2,1,140.0
3,1,2380.0
4,1,2000.0
5,1,1600.0
6,1,40.0
7,1,540.0
8,1,2020.0
9,1,4280.0
10,1,2220.0
11,1,60.0
12,1,3560.0
13,1,6060.0
14,1,17120.0
15,1,2200.0
16,1,2200.0
17,1,1240.0
18,1,1120.0
19,1,2720.0
20,1,260.0
21,1,2200.0
22,1,1660.0
23,1,2220.0
24,1,1120.0
25,1,200.0
26,1,4540.0
27,1,1860.0
28,1,1280.0
29,1,420.0
30,1,1560.0
31,1,400.0
32,1,700.0
33,1,2280.0
34,1,520.0
35,1,440.0
36,1,380.0
37,1,580.0
38,1,4900.0
39,1,520.0
40,1,760.0
41,1,1140.0
42,1,5660.0
43,1,2160.0
44,1,620.0
45,1,1780.0
46,1,1800.0
47,1,140.0
48,1,840.0
49,1,820.0
50,1,1580.0
51,1,2180.0
52,1,100.0
53,1,1580.0
54,1,240.0
55,1,4440.0
56,1,1040.0
57,1,520.0
58,1,1960.0
59,1,1240.0
60,1,5880.0
61,1,800.0
62,1,3140.0
63,1,1080.0
64,1,1760.0
65,1,13680.0
66,1,6300.0
67,1,2000.0
68,1,740.0
69,1,2960.0
70,1,600.0
71,1,940.0
72,1,1220.0
73,1,1540.0
74,1,2900.0
75,1,580.0
76,1,3100.0
77,1,8600.0
78,1,980.0
79,1,1740.0
80,1,900.0
81,1,5320.0
82,1,3700.0
83,1,1800.0
84,1,2740.0
85,1,6560.0
86,1,1080.0
87,1,5360.0
88,1,3600.0
89,1,1500.0
90,1,220.0
91,1,1220.0
92,1,3900.0
93,1,1380.0
94,1,3080.0
95,1,2140.0
96,1,1180.0
97,1,2580.0
98,1,1260.0
99,1,2240.0
100,1,4780.0
101,1,380.0
102,1,8980.0
103,1,3960.0
104,1,5240.0
105,1,280.0
106,1,2140.0
107,1,160.0
108,1,300.0
109,1,3520.0
110,1,3440.0
111,1,900.0
112,1,2380.0
113,1,5240.0
114,1,3200.0
115,1,2840.0
116,1,260.0
117,1,7380.0
118,1,80.0
119,1,420.0
120,1,320.0
121,1,780.0
122,1,2240.0
123,1,400.0
124,1,740.0
125,1,600.0
126,1,4100.0
127,1,1100.0
128,1,100.0
129,1,840.0
130,1,820.0
131,1,580.0
132,1,400.0
133,1,6140.0
134,1,4560.0
135,1,1680.0
136,1,2580.0
137,1,2180.0
138,1,180.0
139,1,2900.0
140,1,2640.0
141,1,8040.0
142,1,2040.0
143,1,800.0
144,1,840.0
145,1,4860.0
146,1,1100.0
147,1,1260.0
148,1,980.0
149,1,420.0
150,1,680.0
151,1,2920.0
152,1,1500.0
153,1,440.0
154,1,4460.0
155,1,600.0
156,1,1600.0
157,1,5740.0
158,1,2540.0
159,1,3540.0
160,1,380.0
161,1,2940.0
162,1,80.0
163,1,14800.0
164,1,3520.0
165,1,340.0
166,1,2140.0
167,1,13300.0
168,1,1060.0
169,1,1220.0
170,1,1240.0
171,1,4080.0
172,1,1580.0
173,1,1580.0
174,1,3000.0
175,1,300.0
176,1,3000.0
177,1,3540.0
178,1,920.0
179,1,740.0
180,1,2100.0
181,1,1560.0
182,1,500.0
183,1,160.0
184,1,3660.0
185,1,60.0
186,1,1180.0
187,1,2160.0
188,1,3460.0
189,1,320.0
190,1,920.0
191,1,2240.0
192,1,260.0
193,1,13940.0
194,1,520.0
195,1,140.0
196,1,1120.0
197,1,1240.0
198,1,540.0
199,1,1140.0
200,1,1680.0
201,1,1020.0
202,1,5360.0
203,1,5120.0
204,1,520.0
205,1,1260.0
206,1,2280.0
207,1,500.0
208,1,880.0
209,1,1580.0
210,1,2180.0
211,1,80.0
212,1,4980.0
213,1,760.0
214,1,6580.0
215,1,1140.0
216,1,2620.0
217,1,860.0
218,1,220.0
219,1,3220.0
220,1,5260.0
221,1,60.0
222,1,1120.0
223,1,1680.0
224,1,740.0
225,1,620.0
226,1,1860.0
227,1,800.0
228,1,360.0
229,1,940.0
230,1,1380.0
231,1,960.0
232,1,2120.0
233,1,2380.0
234,1,1380.0
235,1,2700.0
236,1,860.0
237,1,2640.0
238,1,960.0
239,1,720.0
240,1,860.0
241,1,1580.0
242,1,2400.0
243,1,5460.0
244,1,5160.0
245,1,820.0
246,1,3200.0
247,1,3880.0
248,1,300.0
249,1,80.0
250,1,1060.0
251,1,860.0
252,1,6060.0
253,1,180.0
254,1,3240.0
255,1,2520.0
256,1,5260.0
257,1,2100.0
258,1,1000.0
259,1,14860.0
260,1,4160.0
261,1,440.0
262,1,3140.0
263,1,1060.0
264,1,240.0
265,1,1920.0
266,1,120.0
267,1,9520.0
268,1,3760.0
269,1,4720.0
270,1,2440.0
271,1,600.0
272,1,2980.0
273,1,1680.0
274,1,1640.0
275,1,640.0
276,1,560.0
277,1,3480.0
278,1,6080.0
279,1,1500.0
280,1,1260.0
281,1,340.0
282,1,2160.0
283,1,8800.0
284,1,360.0
285,1,3800.0
286,1,6640.0
287,1,4420.0
288,1,1040.0
289,1,9600.0
290,1,760.0
291,1,800.0
292,1,160.0
293,1,320.0
294,1,580.0
295,1,800.0
296,1,1940.0
297,1,3540.0
298,1,460.0
299,1,4220.0
300,1,1140.0
301,1,1100.0
302,1,9120.0
303,1,10340.0
304,1,1860.0
305,1,1040.0
306,1,180.0
307,1,4820.0
308,1,800.0
309,1,640.0
310,1,400.0
311,1,360.0
312,1,2120.0
313,1,1300.0
314,1,420.0
315,1,1800.0
316,1,240.0
317,1,4020.0
318,1,1600.0
319,1,4200.0
320,1,3680.0
321,1,1380.0
322,1,6040.0
323,1,660.0
324,1,2940.0
325,1,1660.0
326,1,960.0
327,1,1280.0
328,1,1920.0
329,1,3800.0
330,1,240.0
331,1,3340.0
332,1,120.0
333,1,1240.0
334,1,440.0
335,1,7940.0
336,1,5100.0
337,1,3380.0
338,1,4320.0
339,1,2040.0
340,1,2600.0
341,1,4200.0
342,1,3080.0
343,1,1640.0
344,1,900.0
345,1,5060.0
346,1,180.0
347,1,1240.0
348,1,2300.0
349,1,4420.0
350,1,2000.0
351,1,1240.0
352,1,860.0
353,1,100.0
354,1,1500.0
355,1,420.0
356,1,320.0
357,1,1100.0
358,1,160.0
359,1,3640.0
360,1,1040.0
361,1,840.0
362,1,1720.0
363,1,160.0
364,1,2180.0
365,1,860.0
366,1,480.0
367,1,320.0
368,1,2860.0
369,1,4140.0
370,1,100.0
371,1,2760.0
372,1,1560.0
373,1,400.0
374,1,1460.0
375,1,1980.0
376,1,560.0
377,1,1960.0
378,1,100.0
379,1,2620.0
380,1,280.0
381,1,260.0
382,1,1400.0
383,1,3880.0
384,1,6960.0
385,1,320.0
386,1,2740.0
387,1,440.0
388,1,2140.0
389,1,6700.0
390,1,1040.0
391,1,1340.0
392,1,640.0
393,1,4960.0
394,1,1700.0
395,1,980.0
396,1,1280.0
397,1,220.0
398,1,3880.0
399,1,80.0
400,1,320.0
401,1,340.0
402,1,6680.0
